6 846851469207
3 85177017205
7 704107951744
2 194345346534
5 849666345122
4 771719599459
9 271343876723
6 432299048366
9 564508481853
2 202177535523
8 605650019756
8 675421162142
2 89806917677
8 248251950774
7 954430930471
6 405935293202
5 216271114420
8 759177949869
2 933715456414
6 653824221409
5 884147531337
6 877751715504
2 263272201580
4 255644724473
4 740334629522
5 602442653376
5 442262436323
6 763870979180
2 934429169962
6 795879957996
6 282733011197
3 902415247664
9 45562426376
6 446469605291
9 318801523822
7 11898295830
6 284155606520
8 549387207911
8 961029763893
4 722009112109