0 0 1 5
12 13 12 13
0 1 0 5
9436 -1397 9436 -1397
5139 8508 8766 8348
-7006 2808 -8193 -5768
-3205 -8118 -6529 -8118
-6796 -2482 -6796 920
-1063 -5734 -1063 -5734
-8508 4434 -8508 4434
4517 -5277 4076 -7969
2409 9588 2409 7938
7389 6459 5159 8176
8030 -4518 8030 -4518
-9015 7929 -9015 2546
-3815 6661 5058 4741
8704 -1065 3155 -9793
-6513 7493 -167 8975
1216 -207 9060 -207
-5392 9672 -5392 -3258
7566 864 7566 864
4961 9760 4961 -2989
-3685 4819 -3685 4819
-5975 9853 7071 4793
-3923 3970 -2100 -76
-9283 5221 8709 5221
-6005 9914 -6005 -170
-169 2506 -169 2506
587 2139 -127 2139
-652 -6305 4186 6160
-9462 -2960 -9462 -2960
521 1079 -4241 3618
2697 -2819 4019 -8652
1012 3300 1012 -2201
-1067 2306 -1067 2306
-182 -4552 -182 2248
-6193 -8376 -5701 -8376
3603 7359 3603 6670
-5692 3407 -5692 -2504
7448 -7576 6830 1925
7619 7804 7619 7804
-3486 676 -3486 676
5777 -8449 -7086 -8449